0.040530 -0.131456 0.990493 0.000000 -0.999164 0.000000 0.040885 0.000000 -0.005375 -0.991322 -0.131346 0.000000 -2.101658 0.864122 -4.572820 1.000000 
0.040530 -0.131456 0.990493 0.000000 -0.999164 0.000000 0.040885 0.000000 -0.005375 -0.991322 -0.131346 0.000000 -2.110550 0.892962 -4.790127 1.000000 
0.040530 -0.131456 0.990493 0.000000 -0.999164 0.000000 0.040885 0.000000 -0.005375 -0.991322 -0.131346 0.000000 -2.119864 0.923169 -5.017734 1.000000 
-0.074371 -0.131456 0.988528 0.000000 -0.997182 0.000000 -0.075022 0.000000 0.009862 -0.991322 -0.131086 0.000000 -2.130694 0.958303 -5.282466 1.000000 
-0.350112 -0.131456 0.927438 0.000000 -0.935557 0.000000 -0.353177 0.000000 0.046427 -0.991322 -0.122985 0.000000 -2.130694 0.958303 -5.282466 1.000000 
-0.903068 -0.131456 0.408886 0.000000 -0.412466 0.000000 -0.910973 0.000000 0.119753 -0.991322 -0.054221 0.000000 -1.901602 0.999205 -5.484395 1.000000 
-0.949595 -0.131456 -0.284585 0.000000 0.287076 0.000000 -0.957908 0.000000 0.125923 -0.991322 0.037738 0.000000 -1.789381 1.014596 -5.455105 1.000000 
-0.979890 -0.131456 -0.150113 0.000000 0.151428 0.000000 -0.988468 0.000000 0.129940 -0.991322 0.019906 0.000000 -1.310755 1.080172 -5.334316 1.000000 
-0.989834 -0.131456 -0.054293 0.000000 0.054769 0.000000 -0.998499 0.000000 0.131259 -0.991322 0.007200 0.000000 -0.819347 1.145882 -5.274209 1.000000 
-0.989834 -0.131456 -0.054293 0.000000 0.054769 0.000000 -0.998499 0.000000 0.131259 -0.991322 0.007200 0.000000 -0.323547 1.211726 -5.247015 1.000000 
-0.989834 -0.131456 -0.054293 0.000000 0.054769 0.000000 -0.998499 0.000000 0.131259 -0.991322 0.007200 0.000000 0.171016 1.277407 -5.219889 1.000000 
-0.989834 -0.131456 -0.054293 0.000000 0.054769 0.000000 -0.998499 0.000000 0.131259 -0.991322 0.007200 0.000000 0.665910 1.343133 -5.192749 1.000000 
-0.989834 -0.131456 -0.054293 0.000000 0.054769 0.000000 -0.998499 0.000000 0.131259 -0.991322 0.007200 0.000000 1.160335 1.408796 -5.165629 1.000000 
-0.963406 -0.131456 -0.233597 0.000000 0.235642 0.000000 -0.971840 0.000000 0.127754 -0.991322 0.030977 0.000000 1.654684 1.474608 -5.128075 1.000000 
-0.515039 -0.131456 -0.847027 0.000000 0.854441 0.000000 -0.519548 0.000000 0.068298 -0.991322 0.112322 0.000000 2.045549 1.540437 -4.843088 1.000000 
-0.301487 -0.131456 -0.944365 0.000000 0.952632 0.000000 -0.304126 0.000000 0.039979 -0.991322 0.125229 0.000000 2.243006 1.606092 -4.389478 1.000000 
0.072268 -0.131456 -0.988684 0.000000 0.997339 0.000000 0.072900 0.000000 -0.009583 -0.991322 0.131107 0.000000 2.307960 1.671917 -3.898861 1.000000 
0.080654 -0.131456 -0.988036 0.000000 0.996685 0.000000 0.081360 0.000000 -0.010695 -0.991322 0.131021 0.000000 2.267746 1.737510 -3.405851 1.000000 
0.026471 -0.131456 -0.990969 0.000000 0.999643 0.000000 0.026703 0.000000 -0.003510 -0.991322 0.131409 0.000000 2.248466 1.802060 -2.919591 1.000000 
0.026674 0.046519 -0.998561 0.000000 0.999643 -0.000000 0.026703 0.000000 0.001242 -0.998917 -0.046502 0.000000 2.247476 1.800333 -2.882519 1.000000 
0.009821 0.046519 -0.998869 0.000000 0.999952 -0.000000 0.009832 0.000000 0.000457 -0.998917 -0.046517 0.000000 2.234206 1.777064 -2.383054 1.000000 
-0.024187 0.046519 -0.998625 0.000000 0.999707 -0.000000 -0.024213 0.000000 -0.001126 -0.998917 -0.046505 0.000000 2.245897 1.753802 -1.883653 1.000000 
-0.024187 0.046519 -0.998625 0.000000 0.999707 -0.000000 -0.024213 0.000000 -0.001126 -0.998917 -0.046505 0.000000 2.257988 1.730549 -1.384478 1.000000 
-0.024187 0.046519 -0.998625 0.000000 0.999707 -0.000000 -0.024213 0.000000 -0.001126 -0.998917 -0.046505 0.000000 2.270073 1.707305 -0.885516 1.000000 
-0.024187 0.046519 -0.998625 0.000000 0.999707 -0.000000 -0.024213 0.000000 -0.001126 -0.998917 -0.046505 0.000000 2.282183 1.684007 -0.385397 1.000000 
-0.024187 0.046519 -0.998625 0.000000 0.999707 -0.000000 -0.024213 0.000000 -0.001126 -0.998917 -0.046505 0.000000 2.294276 1.660749 0.113900 1.000000 
-0.024187 0.046519 -0.998625 0.000000 0.999707 -0.000000 -0.024213 0.000000 -0.001126 -0.998917 -0.046505 0.000000 2.306370 1.637489 0.613228 1.000000 
-0.024187 0.046519 -0.998625 0.000000 0.999707 -0.000000 -0.024213 0.000000 -0.001126 -0.998917 -0.046505 0.000000 2.318453 1.614253 1.112029 1.000000 
-0.024187 0.046519 -0.998625 0.000000 0.999707 -0.000000 -0.024213 0.000000 -0.001126 -0.998917 -0.046505 0.000000 2.330539 1.591008 1.611022 1.000000 
-0.024187 0.046519 -0.998625 0.000000 0.999707 -0.000000 -0.024213 0.000000 -0.001126 -0.998917 -0.046505 0.000000 2.342622 1.567768 2.109907 1.000000 
-0.024187 0.046519 -0.998625 0.000000 0.999707 -0.000000 -0.024213 0.000000 -0.001126 -0.998917 -0.046505 0.000000 2.354734 1.544472 2.610014 1.000000 
-0.024187 0.046519 -0.998625 0.000000 0.999707 -0.000000 -0.024213 0.000000 -0.001126 -0.998917 -0.046505 0.000000 2.366828 1.521213 3.109331 1.000000 
-0.024187 0.046519 -0.998625 0.000000 0.999707 -0.000000 -0.024213 0.000000 -0.001126 -0.998917 -0.046505 0.000000 2.378899 1.497996 3.607745 1.000000 
0.044057 0.046519 -0.997945 0.000000 0.999027 -0.000000 0.044104 0.000000 0.002052 -0.998917 -0.046474 0.000000 2.389551 1.474749 4.106864 1.000000 
0.609071 0.046519 -0.791750 0.000000 0.792608 -0.000000 0.609731 0.000000 0.028364 -0.998917 -0.036871 0.000000 2.191222 1.451487 4.554399 1.000000 
0.952325 0.046519 -0.301517 0.000000 0.301844 -0.000000 0.953357 0.000000 0.044349 -0.998917 -0.014041 0.000000 1.810932 1.428241 4.862250 1.000000 
0.995990 0.046519 0.076422 0.000000 -0.076504 -0.000000 0.997069 0.000000 0.046382 -0.998917 0.003559 0.000000 1.314965 1.404962 4.870741 1.000000 
0.995990 0.046519 0.076422 0.000000 -0.076504 -0.000000 0.997069 0.000000 0.046382 -0.998917 0.003559 0.000000 0.816233 1.381667 4.832474 1.000000 
0.998625 0.046519 -0.024168 0.000000 0.024194 -0.000000 0.999707 0.000000 0.046505 -0.998917 -0.001125 0.000000 0.318134 1.358456 4.836854 1.000000 
0.998625 0.046519 -0.024168 0.000000 0.024194 -0.000000 0.999707 0.000000 0.046505 -0.998917 -0.001125 0.000000 -0.182260 1.335147 4.848961 1.000000 
0.998625 0.046519 -0.024168 0.000000 0.024194 -0.000000 0.999707 0.000000 0.046505 -0.998917 -0.001125 0.000000 -0.681002 1.311914 4.861032 1.000000 
0.998625 0.046519 -0.024168 0.000000 0.024194 -0.000000 0.999707 0.000000 0.046505 -0.998917 -0.001125 0.000000 -1.180306 1.288656 4.873115 1.000000 
0.998625 0.046519 -0.024168 0.000000 0.024194 -0.000000 0.999707 0.000000 0.046505 -0.998917 -0.001125 0.000000 -1.678903 1.265431 4.885180 1.000000 
0.951563 0.046519 0.303914 0.000000 -0.304244 -0.000000 0.952594 0.000000 0.044314 -0.998917 0.014153 0.000000 -2.176024 1.242136 4.862428 1.000000 
0.457809 0.046519 0.887832 0.000000 -0.888795 -0.000000 0.458306 0.000000 0.021320 -0.998917 0.041346 0.000000 -2.548147 1.218871 4.548538 1.000000 
0.079706 0.046519 0.995732 0.000000 -0.996812 -0.000000 0.079792 0.000000 0.003712 -0.998917 0.046370 0.000000 -2.636907 1.195627 4.061570 1.000000 
0.079706 0.046519 0.995732 0.000000 -0.996812 -0.000000 0.079792 0.000000 0.003712 -0.998917 0.046370 0.000000 -2.676740 1.172379 3.563947 1.000000 
0.011972 0.046519 0.998846 0.000000 -0.999928 -0.000000 0.011985 0.000000 0.000558 -0.998917 0.046515 0.000000 -2.675719 1.149069 3.064132 1.000000 
0.011972 0.046519 0.998846 0.000000 -0.999928 -0.000000 0.011985 0.000000 0.000558 -0.998917 0.046515 0.000000 -2.681699 1.125838 2.565333 1.000000 
0.011972 0.046519 0.998846 0.000000 -0.999928 -0.000000 0.011985 0.000000 0.000558 -0.998917 0.046515 0.000000 -2.687683 1.102585 2.066053 1.000000 
0.011972 0.046519 0.998846 0.000000 -0.999928 -0.000000 0.011985 0.000000 0.000558 -0.998917 0.046515 0.000000 -2.693676 1.079307 1.566257 1.000000 
0.011972 0.046519 0.998846 0.000000 -0.999928 -0.000000 0.011985 0.000000 0.000558 -0.998917 0.046515 0.000000 -2.699660 1.056061 1.067140 1.000000 
-0.136320 0.046519 0.989572 0.000000 -0.990645 -0.000000 -0.136468 0.000000 -0.006348 -0.998917 0.046084 0.000000 -2.687443 1.032833 0.569328 1.000000 
-0.136320 0.046519 0.989572 0.000000 -0.990645 -0.000000 -0.136468 0.000000 -0.006348 -0.998917 0.046084 0.000000 -2.619263 1.009567 0.074406 1.000000 
-0.136320 0.046519 0.989572 0.000000 -0.990645 -0.000000 -0.136468 0.000000 -0.006348 -0.998917 0.046084 0.000000 -2.551003 0.986273 -0.421112 1.000000 
-0.136320 0.046519 0.989572 0.000000 -0.990645 -0.000000 -0.136468 0.000000 -0.006348 -0.998917 0.046084 0.000000 -2.482957 0.963053 -0.915060 1.000000 
-0.136320 0.046519 0.989572 0.000000 -0.990645 -0.000000 -0.136468 0.000000 -0.006348 -0.998917 0.046084 0.000000 -2.414799 0.939794 -1.409833 1.000000 
-0.136320 0.046519 0.989572 0.000000 -0.990645 -0.000000 -0.136468 0.000000 -0.006348 -0.998917 0.046084 0.000000 -2.346695 0.916554 -1.904207 1.000000 
-0.133027 0.223146 0.965665 0.000000 -0.990645 -0.000000 -0.136468 0.000000 -0.030452 -0.974785 0.221058 0.000000 -2.330425 0.911002 -2.022317 1.000000 
-0.136022 -0.080721 0.987412 0.000000 -0.990645 0.000000 -0.136468 0.000000 0.011016 -0.996737 -0.079966 0.000000 -2.328870 0.911924 -2.033602 1.000000 
-0.136022 -0.080721 0.987412 0.000000 -0.990645 0.000000 -0.136468 0.000000 0.011016 -0.996737 -0.079966 0.000000 -2.260774 0.952334 -2.527926 1.000000 
-0.136288 0.051367 0.989337 0.000000 -0.990645 -0.000000 -0.136468 0.000000 -0.007010 -0.998680 0.050886 0.000000 -2.236669 0.966638 -2.702904 1.000000 
-0.136288 0.051367 0.989337 0.000000 -0.990645 -0.000000 -0.136468 0.000000 -0.007010 -0.998680 0.050886 0.000000 -2.174762 0.943305 -3.152298 1.000000 
-0.136288 0.051367 0.989337 0.000000 -0.990645 -0.000000 -0.136468 0.000000 -0.007010 -0.998680 0.050886 0.000000 -2.106594 0.917612 -3.647148 1.000000 
-0.032630 0.051367 0.998147 0.000000 -0.999466 -0.000000 -0.032673 0.000000 -0.001678 -0.998680 0.051339 0.000000 -2.079611 0.891942 -4.145099 1.000000 
-0.032630 0.051367 0.998147 0.000000 -0.999466 -0.000000 -0.032673 0.000000 -0.001678 -0.998680 0.051339 0.000000 -2.063283 0.866237 -4.644589 1.000000 
-0.032630 0.051367 0.998147 0.000000 -0.999466 -0.000000 -0.032673 0.000000 -0.001678 -0.998680 0.051339 0.000000 -2.060448 0.861774 -4.731312 1.000000 
