0.500000 0.707107 -0.500000 0.000000 -0.500000 0.707107 0.500000 0.000000 0.707107 0.000000 0.707107 0.000000 -13.151782 -6.000000 0.000000 1.000000 
0.707107 0.707107 0.000000 0.000000 -0.707107 0.707107 0.000000 0.000000 0.000000 0.000000 1.000000 0.000000 -13.423207 -6.000000 0.000000 1.000000 
0.500000 0.707107 0.500000 0.000000 -0.500000 0.707107 -0.500000 0.000000 -0.707107 0.000000 0.707107 0.000000 -8.451279 -6.000000 0.000000 1.000000 
0.500000 0.707107 0.500000 0.000000 -0.500000 0.707107 -0.500000 0.000000 -0.707107 0.000000 0.707107 0.000000 -3.456948 -6.000000 0.000000 1.000000 
0.500000 0.707107 0.500000 0.000000 -0.500000 0.707107 -0.500000 0.000000 -0.707107 0.000000 0.707107 0.000000 1.546504 -6.000000 0.000000 1.000000 
0.500000 0.707107 0.500000 0.000000 -0.500000 0.707107 -0.500000 0.000000 -0.707107 0.000000 0.707107 0.000000 6.544916 -6.000000 0.000000 1.000000 
0.500000 0.707107 0.500000 0.000000 -0.500000 0.707107 -0.500000 0.000000 -0.707107 0.000000 0.707107 0.000000 11.567652 -6.000000 0.000000 1.000000 
0.500000 0.707107 -0.500000 0.000000 -0.500000 0.707107 0.500000 0.000000 0.707107 0.000000 0.707107 0.000000 15.997259 -6.000000 0.000000 1.000000 
0.500000 0.707107 -0.500000 0.000000 -0.500000 0.707107 0.500000 0.000000 0.707107 0.000000 0.707107 0.000000 10.996305 -6.000000 0.000000 1.000000 
0.500000 0.707107 -0.500000 0.000000 -0.500000 0.707107 0.500000 0.000000 0.707107 0.000000 0.707107 0.000000 6.004860 -6.000000 0.000000 1.000000 
0.500000 0.707107 -0.500000 0.000000 -0.500000 0.707107 0.500000 0.000000 0.707107 0.000000 0.707107 0.000000 0.979206 -6.000000 0.000000 1.000000 
0.500000 0.707107 -0.500000 0.000000 -0.500000 0.707107 0.500000 0.000000 0.707107 0.000000 0.707107 0.000000 -4.007156 -6.000000 0.000000 1.000000 
0.500000 0.707107 -0.500000 0.000000 -0.500000 0.707107 0.500000 0.000000 0.707107 0.000000 0.707107 0.000000 -8.995712 -6.000000 0.000000 1.000000 
0.500000 0.707107 -0.500000 0.000000 -0.500000 0.707107 0.500000 0.000000 0.707107 0.000000 0.707107 0.000000 -13.998678 -6.000000 0.000000 1.000000 
0.500000 0.707107 0.500000 0.000000 -0.500000 0.707107 -0.500000 0.000000 -0.707107 0.000000 0.707107 0.000000 -12.334745 -6.000000 0.000000 1.000000 
0.500000 0.707107 -0.500000 0.000000 -0.500000 0.707107 0.500000 0.000000 0.707107 0.000000 0.707107 0.000000 -7.880562 -6.000000 0.000000 1.000000 
0.500000 0.707107 -0.500000 0.000000 -0.500000 0.707107 0.500000 0.000000 0.707107 0.000000 0.707107 0.000000 -12.865732 -6.000000 0.000000 1.000000 
